manuelheller@Manuels-MBP ISBI-2012-working % python3 test.py
{'train': 5, 'val': 3}
torch.float32
torch.float64
torch.Size([3, 3, 576, 576]) torch.Size([3, 1, 576, 576])
0.0 0.99215686 0.47699106 0.17167026
0.0 1.0 0.19927601755401234 0.39945598804101723
understand input image
(576, 576)
[[0.7529412  0.6431373  0.6509804  0.6627451  0.6        0.6392157
  0.74509805 0.73333335 0.7372549  0.6627451 ]
 [0.6901961  0.6745098  0.6666667  0.5882353  0.6117647  0.65882355
  0.6117647  0.627451   0.6666667  0.61960787]
 [0.6431373  0.7529412  0.7019608  0.5921569  0.627451   0.6784314
  0.627451   0.64705884 0.6901961  0.65882355]
 [0.63529414 0.6627451  0.654902   0.6666667  0.6313726  0.68235296
  0.6862745  0.6666667  0.60784316 0.53333336]
 [0.5921569  0.67058825 0.7019608  0.74509805 0.8        0.7647059
  0.6901961  0.654902   0.6156863  0.5529412 ]
 [0.38431373 0.5882353  0.67058825 0.61960787 0.6784314  0.69803923
  0.654902   0.65882355 0.67058825 0.6117647 ]
 [0.47843137 0.54901963 0.50980395 0.4392157  0.5254902  0.6313726
  0.64705884 0.61960787 0.6117647  0.6       ]
 [0.46666667 0.5176471  0.5176471  0.59607846 0.5529412  0.49803922
  0.5764706  0.5254902  0.5294118  0.5764706 ]
 [0.4117647  0.4392157  0.4862745  0.5882353  0.5137255  0.47058824
  0.5529412  0.5058824  0.5764706  0.6117647 ]
 [0.3882353  0.47058824 0.47843137 0.4627451  0.40784314 0.4862745
  0.60784316 0.5803922  0.654902   0.68235296]]
[[0.7529412  0.6431373  0.6509804  0.6627451  0.6        0.6392157
  0.74509805 0.73333335 0.7372549  0.6627451 ]
 [0.6901961  0.6745098  0.6666667  0.5882353  0.6117647  0.65882355
  0.6117647  0.627451   0.6666667  0.61960787]
 [0.6431373  0.7529412  0.7019608  0.5921569  0.627451   0.6784314
  0.627451   0.64705884 0.6901961  0.65882355]
 [0.63529414 0.6627451  0.654902   0.6666667  0.6313726  0.68235296
  0.6862745  0.6666667  0.60784316 0.53333336]
 [0.5921569  0.67058825 0.7019608  0.74509805 0.8        0.7647059
  0.6901961  0.654902   0.6156863  0.5529412 ]
 [0.38431373 0.5882353  0.67058825 0.61960787 0.6784314  0.69803923
  0.654902   0.65882355 0.67058825 0.6117647 ]
 [0.47843137 0.54901963 0.50980395 0.4392157  0.5254902  0.6313726
  0.64705884 0.61960787 0.6117647  0.6       ]
 [0.46666667 0.5176471  0.5176471  0.59607846 0.5529412  0.49803922
  0.5764706  0.5254902  0.5294118  0.5764706 ]
 [0.4117647  0.4392157  0.4862745  0.5882353  0.5137255  0.47058824
  0.5529412  0.5058824  0.5764706  0.6117647 ]
 [0.3882353  0.47058824 0.47843137 0.4627451  0.40784314 0.4862745
  0.60784316 0.5803922  0.654902   0.68235296]]
[[0.7529412  0.6431373  0.6509804  0.6627451  0.6        0.6392157
  0.74509805 0.73333335 0.7372549  0.6627451 ]
 [0.6901961  0.6745098  0.6666667  0.5882353  0.6117647  0.65882355
  0.6117647  0.627451   0.6666667  0.61960787]
 [0.6431373  0.7529412  0.7019608  0.5921569  0.627451   0.6784314
  0.627451   0.64705884 0.6901961  0.65882355]
 [0.63529414 0.6627451  0.654902   0.6666667  0.6313726  0.68235296
  0.6862745  0.6666667  0.60784316 0.53333336]
 [0.5921569  0.67058825 0.7019608  0.74509805 0.8        0.7647059
  0.6901961  0.654902   0.6156863  0.5529412 ]
 [0.38431373 0.5882353  0.67058825 0.61960787 0.6784314  0.69803923
  0.654902   0.65882355 0.67058825 0.6117647 ]
 [0.47843137 0.54901963 0.50980395 0.4392157  0.5254902  0.6313726
  0.64705884 0.61960787 0.6117647  0.6       ]
 [0.46666667 0.5176471  0.5176471  0.59607846 0.5529412  0.49803922
  0.5764706  0.5254902  0.5294118  0.5764706 ]
 [0.4117647  0.4392157  0.4862745  0.5882353  0.5137255  0.47058824
  0.5529412  0.5058824  0.5764706  0.6117647 ]
 [0.3882353  0.47058824 0.47843137 0.4627451  0.40784314 0.4862745
  0.60784316 0.5803922  0.654902   0.68235296]]
understand mask
(576, 576)
[[0. 0. 0. 0. 0. 0. 0. 0. 0. 0.]
 [0. 0. 0. 0. 0. 0. 0. 0. 0. 0.]
 [0. 0. 0. 0. 0. 0. 0. 0. 0. 0.]
 [0. 0. 0. 0. 0. 0. 0. 0. 0. 0.]
 [0. 0. 0. 0. 0. 0. 0. 0. 0. 0.]
 [1. 0. 0. 0. 0. 0. 0. 0. 0. 0.]
 [1. 1. 1. 1. 0. 0. 0. 0. 0. 0.]
 [1. 1. 1. 1. 1. 1. 1. 1. 1. 0.]
 [1. 1. 1. 1. 1. 1. 1. 1. 1. 1.]
 [1. 1. 1. 1. 1. 1. 1. 1. 1. 1.]]
(base) manuelheller@Manuels-MBP ISBI-2012-working % 