(base) manuelheller@Manuels-MBP ISBI-2012 % python3 test.py
{'train': 24, 'val': 6}
image_21.png
image_11.png
image_17.png
torch.float32
torch.float32
torch.Size([3, 1, 572, 572]) torch.Size([3, 2, 388, 388])
(3, 1, 572, 572)
0.0 1.0 0.535229 0.21215123
(3, 2, 388, 388)
0.0 1.0 0.5 0.5
understand input image
(572, 572)
[[0.30980393 0.2784314  0.28235295 0.36862746 0.5764706  0.8352941
  0.92941177 0.87058824 0.7137255  0.6313726 ]
 [0.38039216 0.3529412  0.38431373 0.44313726 0.5882353  0.8509804
  0.94509804 0.8745098  0.64705884 0.56078434]
 [0.4509804  0.42745098 0.44313726 0.4862745  0.60784316 0.8156863
  0.8980392  0.7882353  0.6313726  0.6431373 ]
 [0.44705883 0.3137255  0.30588236 0.38431373 0.5568628  0.7647059
  0.8352941  0.7372549  0.60784316 0.70980394]
 [0.37254903 0.21568628 0.26666668 0.40784314 0.58431375 0.7529412
  0.80784315 0.76862746 0.61960787 0.69411767]
 [0.37254903 0.2784314  0.3647059  0.5019608  0.62352943 0.7294118
  0.8117647  0.79607844 0.6392157  0.6431373 ]
 [0.39215687 0.35686275 0.45882353 0.5294118  0.54901963 0.6313726
  0.7294118  0.72156864 0.5686275  0.59607846]
 [0.35686275 0.3137255  0.48235294 0.5411765  0.5176471  0.5176471
  0.54901963 0.5372549  0.49803922 0.50980395]
 [0.3647059  0.34117648 0.5137255  0.57254905 0.5137255  0.4745098
  0.47058824 0.49411765 0.54901963 0.6156863 ]
 [0.36862746 0.3647059  0.5568628  0.6666667  0.62352943 0.53333336
  0.4862745  0.50980395 0.58431375 0.69411767]]
understand mask
(388, 388)
[[0. 0. 1. 1. 1. 1. 1. 1. 1. 1.]
 [0. 0. 1. 1. 1. 1. 1. 1. 1. 0.]
 [0. 0. 1. 1. 1. 1. 1. 1. 1. 0.]
 [0. 0. 1. 1. 1. 1. 1. 1. 1. 0.]
 [0. 0. 1. 1. 1. 1. 1. 1. 1. 0.]
 [0. 0. 1. 1. 1. 1. 1. 1. 1. 0.]
 [0. 1. 1. 1. 1. 1. 1. 1. 1. 0.]
 [0. 1. 1. 1. 1. 1. 1. 1. 1. 0.]
 [0. 1. 1. 1. 1. 1. 1. 1. 1. 0.]
 [0. 1. 1. 1. 1. 1. 1. 1. 1. 0.]]
[[1. 1. 0. 0. 0. 0. 0. 0. 0. 0.]
 [1. 1. 0. 0. 0. 0. 0. 0. 0. 1.]
 [1. 1. 0. 0. 0. 0. 0. 0. 0. 1.]
 [1. 1. 0. 0. 0. 0. 0. 0. 0. 1.]
 [1. 1. 0. 0. 0. 0. 0. 0. 0. 1.]
 [1. 1. 0. 0. 0. 0. 0. 0. 0. 1.]
 [1. 0. 0. 0. 0. 0. 0. 0. 0. 1.]
 [1. 0. 0. 0. 0. 0. 0. 0. 0. 1.]
 [1. 0. 0. 0. 0. 0. 0. 0. 0. 1.]
 [1. 0. 0. 0. 0. 0. 0. 0. 0. 1.]]